  2453002.2791        -201.700                       5.7
  2453101.0241         178.700                       4.6
  2453216.0035          74.500                       7.9
  2453334.3172        -184.500                       5.5
  2453340.3401        -160.200                       4.6
  2453364.3191         -76.900                       7.9
  2453366.2249         -76.600                       5.2
  2453367.2333         -79.300                       5.4
  2453376.3243         -12.500                       4.7
  2453403.2636          65.300                       5.1
  2453424.1132         150.700                       5.1
  2453447.1803         232.500                       4.6
  2453468.0504         251.200                       5.6
  2453495.1120         293.400                       4.5
  2453521.0884         212.500                       7.5
  2453577.9651        -217.700                       6.2
  2453694.3575         -38.200                       5.0
  2453728.3204          63.200                       5.1
  2453743.3484         127.700                       5.0
  2453775.2089         241.600                       4.7
  2453810.1629         311.600                       3.9
  2453831.1262         301.000                       4.5
  2453853.1393         188.700                       5.8
  2453887.0520        -148.500                       5.7
  2454051.3576          43.800                       4.6
  2454088.3683         189.000                       4.8
  2454121.2706         239.600                       5.9
  2454143.2374         274.500                       4.0
  2453420.2939         195.400                      33.5
  2453422.2517         126.700                      36.2
  2453422.2627         112.000                      33.1
  2453511.0423         281.900                      29.9
  2453514.0647         249.400                      25.6
  2453514.0779         304.800                      20.6
  2453775.2678         243.100                      30.6
  2453778.3433         220.600                      30.3
  2453839.1013         229.100                      36.6
  2453839.1229         204.400                      18.6
  2453839.1462         246.700                      31.8
  2453841.1569         227.500                      28.9
  2453891.0521        -124.400                      18.3
  2453894.0998        -178.100                      22.7
  2454045.3959          78.700                      21.1
  2454046.3706          58.300                      26.7
  2454132.3744         249.100                      30.9
  2454132.3976         253.200                      19.7